1.0
0.5
0.3333333333333333
0.25
0.2
0.16666666666666666
0.14285714285714285
0.125
0.1111111111111111
2.0
1.0
0.6666666666666666
0.5
0.4
0.3333333333333333
0.2857142857142857
0.25
0.2222222222222222
3.0
1.5
1.0
0.75
0.6
0.5
0.42857142857142855
0.375
0.3333333333333333
4.0
2.0
1.3333333333333333
1.0
0.8
0.6666666666666666
0.5714285714285714
0.5
0.4444444444444444
5.0
2.5
1.6666666666666667
1.25
1.0
0.8333333333333334
0.7142857142857143
0.625
0.5555555555555556
6.0
3.0
2.0
1.5
1.2
1.0
0.8571428571428571
0.75
0.6666666666666666
7.0
3.5
2.3333333333333335
1.75
1.4
1.1666666666666667
1.0
0.875
0.7777777777777778
8.0
4.0
2.6666666666666665
2.0
1.6
1.3333333333333333
1.1428571428571428
1.0
0.8888888888888888
9.0
4.5
3.0
2.25
1.8
1.5
1.2857142857142858
1.125
1.0
